epoch: 0
lr: 0.001 marg: 0.2
dev_MRR: 0.5526454308464482
test_MRR: 0.6261423628627513
dev_MAP: 0.465997209726
test_MAP: 0.500959277866
dev_p_at_1: 0.355
test_p_at_1: 0.45
dev_p_at_5: 0.3660000000000005
test_p_at_5: 0.3520000000000003
