epoch: 0
lr: 0.001 marg: 0.2
dev_MRR: 0.5508570443358393
test_MRR: 0.6124935520839595
dev_MAP: 0.46213868371
test_MAP: 0.490530318679
dev_p_at_1: 0.36
test_p_at_1: 0.43
dev_p_at_5: 0.3520000000000003
test_p_at_5: 0.3470000000000003
